title: blog-playが形になってきた
published_at: 2026-03-24T02:54:58.160092+09:00
modified_at: 2026-03-24T02:54:58.160092+09:00
